PAUSED
EASY
14500
671560 67020 27980 25380 23000 22360 20040 19130 17120 14380 
-1 -1 -1 -1 0 0 0 0 0 0 0 0 0 0 -1 -1 -1 -1 
-1 -1 -1 -1 0 0 0 0 0 0 0 0 0 0 -1 -1 -1 -1 
-1 -1 -1 -1 0 0 0 0 0 0 0 0 0 0 -1 -1 -1 -1 
-1 -1 -1 -1 0 0 0 0 0 0 0 0 0 0 -1 -1 -1 -1 
-1 -1 -1 -1 0 0 0 0 0 0 0 0 0 0 -1 -1 -1 -1 
-1 -1 -1 -1 0 0 0 0 0 0 0 0 0 0 -1 -1 -1 -1 
-1 -1 -1 -1 0 0 0 0 0 0 0 0 0 0 -1 -1 -1 -1 
-1 -1 -1 -1 0 0 0 0 0 0 0 0 0 0 -1 -1 -1 -1 
-1 -1 -1 -1 0 0 0 0 0 0 0 0 0 0 -1 -1 -1 -1 
-1 -1 -1 -1 0 0 0 0 0 0 0 0 0 0 -1 -1 -1 -1 
-1 -1 -1 -1 0 0 0 0 0 0 0 0 0 0 -1 -1 -1 -1 
-1 -1 -1 -1 0 0 0 0 0 0 0 0 0 0 -1 -1 -1 -1 
-1 -1 -1 -1 0 0 0 0 0 0 0 0 0 0 -1 -1 -1 -1 
-1 -1 -1 -1 0 5 0 0 0 0 0 0 0 0 -1 -1 -1 -1 
-1 -1 -1 -1 5 5 1 0 6 0 2 2 0 0 -1 -1 -1 -1 
-1 -1 -1 -1 5 1 1 0 6 7 2 2 0 1 -1 -1 -1 -1 
-1 -1 -1 -1 3 3 4 4 0 7 7 0 1 1 -1 -1 -1 -1 
-1 -1 -1 -1 3 2 2 4 4 4 7 0 1 1 -1 -1 -1 -1 
-1 -1 -1 -1 1 7 7 6 1 0 5 4 4 3 -1 -1 -1 -1 
-1 -1 -1 -1 1 1 0 6 1 5 5 3 3 3 -1 -1 -1 -1 
7 1 8
2 3
0 0 7 
7 7 7 
6 0 8
2 3
6 0 0 
6 6 6 
